 pID ch_name state freqPeak freqLow freqHigh pvaluesLeft pvaluesRight pvaluesBoth pvaluesMean peakBurstRate meanBurstRate meanBurstRate_wake meanBurstRate_REM meanBurstRate_NREM meanBurstRate_tonic_REM meanBurstRate_phasic_REM meanBurstRate_N2 meanBurstRate_N3 hasOverlap_REM hasOverlap_NREM hasOverlap_wake uniqueSelection crossCorrCoeff crossCorrCoeffShuffle_low crossCorrCoeffShuffle_high crossCorrCoeff_pvalue crossCorrCoeff_pvalue_neg
18 p03 R2-R3 REM 28.0 25.5 30.5 0.0 0.0 0.0 0.0 4.0 24.6530612244898 4.553658536585367 24.6530612244898 1.0879478827361564 10.239410681399631 49.42283563362609 1.1915422885572138 0.3760683760683761 True False True True 0.8389402599404397 -0.26063942576601745 0.3519766864201321 0.0 1.0
23 p03 R3-R4 REM 28.0 25.5 30.5 0.0 0.0 0.0 0.0 3.2857142857142856 20.734693877551017 4.460975609756098 20.734693877551017 0.6840390879478828 7.403314917127071 44.60476787954831 0.7288557213930348 0.376068376068376 True False True True 0.8865626757233867 -0.23863522452375416 0.36492033980247485 0.0 1.0
27 p05 L1-L2 REM 32.5 28.0 36.0 0.0 0.0 0.0 0.0 0.6270270270270271 4.572972972972973 7.129113924050632 4.572972972972973 1.291754756871036 1.541642055522741 12.577639751552796 1.2911051212938005 1.2941176470588236 True False True True 0.8743991532164112 -0.24564285839105687 0.3506720172665691 0.0 1.0
32 p05 L2-L3 REM 33.0 27.0 35.5 0.0 0.0 0.0 0.0 0.6162162162162163 5.027027027027027 10.40253164556962 5.027027027027027 2.6828752642706126 2.037802717070289 12.531055900621118 2.8301886792452837 2.1470588235294112 True False True True 0.843841182076917 -0.24512729988217094 0.35585886110912807 0.0 1.0
39 p05 R1-R2 REM 32.0 29.0 35.0 0.0 0.0 0.0 0.0 0.9513513513513514 6.7675675675675695 6.832911392405063 6.7675675675675695 1.1120507399577166 2.480803307737744 17.375776397515526 0.9838274932614556 1.5784313725490198 True False True True 0.8427938928880747 -0.24396906243058325 0.35311767392736654 0.0 1.0
44 p05 R2-R3 REM 32.0 29.5 35.0 0.0 0.0 0.0 0.0 1.0702702702702702 7.145945945945947 5.017721518987342 7.145945945945947 0.7167019027484144 1.8074424099232131 20.49689440993789 0.6415094339622641 0.9901960784313726 True False True True 0.8850110391650332 -0.23652664927881112 0.35918851778342986 0.0 1.0
49 p05 R3-R4 REM 32.0 27.5 36.0 0.0 0.0 0.0 0.0 1.0162162162162165 10.172972972972971 17.703797468354434 10.172972972972971 2.078224101479915 3.5085646780862376 26.5527950310559 1.991913746630728 2.392156862745098 True False True True 0.896401094267024 -0.24242768685845154 0.35033337280797755 0.0 1.0
52 p09 L1-L2 wake 34.5 28.0 42.0 0.0 0.0 0.0 0.0 0.2649448959145051 6.556161638650785 6.556161638650785 8.416779431664413 2.88215859030837 5.502304147465438 20.0 2.985305491105955 2.6271510516252388 True False True True 0.8370524041418249 -0.19988825078314457 0.4091408289824336 0.0 1.0
56 p09 L2-L3 REM 31.0 22.0 36.0 0.0 5e-06 5e-06 0.0 0.3193504736129905 5.510148849797022 6.165423577869309 5.510148849797022 3.886563876651983 4.265964450296248 10.058823529411766 3.805877803557618 4.086042065009561 True False True True 0.8703981423964111 -0.22528572267143393 0.3929557786585145 0.0 1.0
61 p09 R1-R2 wake 38.5 29.5 42.5 0.0 0.0 0.0 0.0 0.1656462206389847 3.3924078815540466 3.3924078815540466 3.924221921515562 3.061123348017621 2.934825543120474 7.84313725490196 2.551430781129157 4.321223709369026 True False True True 0.8064060877069856 -0.22861090802847234 0.37876624461549685 0.0 1.0
82 p14 L1-L2 wake 30.0 28.0 34.5 0.0 0.0 0.0 0.0 1.990583804143126 20.355932203389838 20.355932203389838 10.271062271062272 6.104509663564782 9.774681292617846 15.0 6.125214408233276 5.999999999999999 True False True True 0.3354326141739012 -0.28840241610017425 0.30765609309868974 0.00018 0.99982
89 p14 L2-L3 REM 30.5 26.5 36.0 0.0 0.0 0.0 0.0 0.9377289377289376 11.523809523809522 25.883866917765214 11.523809523809522 3.6406585540443808 10.601838126297064 23.42696629213483 3.6346483704974273 3.670995670995671 True False True True 0.385869409715943 -0.27978543254695254 0.33071257269407167 8e-05 0.99992
92 p14 L3-L4 wake 30.5 25.5 35.0 0.0 0.0 0.0 0.0 1.6836158192090396 21.370998116760827 21.370998116760827 19.53846153846154 4.921975662133143 18.4998517640083 31.179775280898877 5.008576329331047 4.484848484848484 True False True True 0.44379835432273435 -0.2739882640182058 0.3397362464958253 5e-06 0.999995
98 p14 R1-R2 REM 23.0 19.0 27.0 0.0 0.0 0.0 0.0 3.2967032967032965 32.05860805860805 42.20590081607031 32.05860805860805 6.94774516821761 30.756003557663803 49.21348314606742 7.147512864493996 5.9393939393939394 True False True True 0.5162394808879868 -0.28619767371848187 0.3101202311255641 0.0 1.0
126 p14_followup R1-R2 REM 22.5 19.5 26.0 0.0 0.0 0.0 0.0 0.9976019184652278 8.03357314148681 9.871704053522237 8.03357314148681 5.045479452054794 7.485822306238185 26.59090909090909 5.237079573420836 4.660066006600658 True False True True 0.6801124129911308 -0.3032987684184099 0.2940632334636897 0.0 1.0
131 p14_followup R2-R3 REM 22.0 19.0 25.5 0.0 0.0 0.0 0.0 1.539568345323741 13.793764988009592 15.244391971664696 13.793764988009592 8.45041095890411 13.306410036088677 27.954545454545457 8.451189499589827 8.448844884488448 True False True True 0.5308478729586219 -0.3004113837155423 0.3003374583308217 0.0 1.0
140 p16 L1-L2 REM 35.0 30.0 39.0 0.0 0.0 0.0 0.0 2.029350104821803 21.28930817610063 12.754849137931036 21.28930817610063 1.3991195891415995 11.541693600517132 44.35546875 1.5119570522205956 1.0576070901033972 True False True True 0.8831944088649049 -0.22007454181491748 0.3736212119103073 0.0 1.0
146 p16 L2-L3 REM 35.5 31.5 40.0 0.0 0.0 0.0 0.0 1.5555555555555556 16.945492662473796 11.03044181034483 16.945492662473796 0.8187820983125458 8.04137039431157 38.7890625 0.8687164470473401 0.6676514032496308 True False True True 0.8681155034662436 -0.22598941195934036 0.3629445796739703 0.0 1.0
151 p16 L3-L4 REM 35.5 31.0 40.5 0.0 0.0 0.0 0.0 0.7085953878406709 8.364779874213838 14.867456896551724 8.364779874213838 0.78503301540719 4.25016160310278 18.662109375 0.8892142508540752 0.4697193500738552 True False True True 0.8687237342163258 -0.22326355552480523 0.3805684664102945 0.0 1.0
154 p16 R1-R2 REM 34.5 30.0 38.0 0.0 0.0 0.0 0.0 2.1153039832285114 20.09433962264151 11.665678879310343 20.09433962264151 0.8855465884079237 10.035552682611508 43.671875 0.9838945827232796 0.587887740029542 True False True True 0.8792312492563127 -0.21884890961981188 0.3756050494627007 0.0 1.0
158 p16 R2-R3 REM 34.0 30.0 37.5 0.0 0.0 0.0 0.0 1.4968553459119496 13.937106918238994 12.495689655172416 13.937106918238994 0.4519442406456346 5.972850678733032 33.251953125 0.4968277208394339 0.3161004431314623 True False True True 0.8774656794444451 -0.22032131091222873 0.36717164185736373 0.0 1.0
162 p16 R3-R4 REM 34.5 30.0 38.5 0.0 0.0 0.0 0.0 1.1970649895178198 11.559748427672956 13.102370689655173 11.559748427672956 0.5106382978723404 5.048480930833872 27.255859375 0.5446559297218155 0.4076809453471197 True False True True 0.8694389002334849 -0.2251613370419868 0.36617663768189396 0.0 1.0
168 p18 R1-R2 REM 30.5 28.0 32.5 0.0 0.0 0.0 0.0 2.6666666666666665 15.61904761904762 38.99759036144578 15.61904761904762 0.7733333333333334 13.511029411764705 30.0 0.7980997624703089 0.7150837988826817 True False True True 0.3437013554022259 -0.2988733766527775 0.30217794783809 7e-05 0.99993
173 p18 R2-R3 REM 29.5 27.5 32.5 0.0 0.0 0.0 0.0 1.238095238095238 7.0 25.15502008032129 7.0 1.72 6.011029411764705 23.33333333333334 1.5629453681710213 2.089385474860335 True False True True 0.3051291007058063 -0.2895703303899736 0.3086347311734423 0.000505 0.999485
176 p18 R3-R4 wake 31.0 29.0 33.5 0.0 0.0 0.0 0.0 4.208835341365462 26.24578313253012 26.24578313253012 7.952380952380952 0.6766666666666667 6.893382352941177 20.0 0.6888361045130642 0.6480446927374302 True False True True 0.2720103808730579 -0.29224146190248884 0.30094637281026543 0.00147 0.998475
188 p20 R2-R3 REM 19.0 16.0 24.0 0.0 0.0 0.0 0.0 0.8910891089108911 8.455445544554456 19.928899082568808 8.455445544554456 2.070564516129032 7.628424657534247 12.193548387096774 2.1431818181818176 1.5 True False True True 0.3436169364358674 -0.30724716704158234 0.2873675104563799 1e-05 0.99999
196 p21 L1-L2 REM 27.0 25.0 30.0 0.0 0.0 0.0 0.0 6.5 39.918918918918926 42.54441260744985 39.918918918918926 2.720620842572062 34.9940119760479 61.13207547169811 2.8851454823889737 2.289156626506024 True False True True 0.417429043982947 -0.2886777554210982 0.3158471072281012 5e-06 0.999995
199 p21 L2-L3 wake 26.5 24.5 29.0 0.0 0.0 0.0 0.0 10.09360076408787 61.62941738299905 61.62941738299905 22.64864864864865 3.1707317073170733 18.107784431137727 46.27358490566038 3.2128637059724348 3.060240963855421 True False True True 0.7676443679191655 -0.2732807050038442 0.3348140068184239 0.0 1.0
206 p21 L3-L4 REM 27.0 23.5 29.5 0.0 0.0 0.0 0.0 3.1621621621621623 21.89189189189189 36.83285577841452 21.89189189189189 5.124168514412417 18.934131736526947 32.971698113207545 5.307810107197549 4.642570281124497 True False True True 0.21690315493040774 -0.28581401217412644 0.3114032139472242 0.01006 0.98994
209 p21 R1-R2 wake 27.5 25.0 30.5 0.0 0.0 0.0 0.0 9.264565425023878 65.29894937917861 65.29894937917861 36.5945945945946 2.190687361419069 31.365269461077844 62.12264150943397 2.425727411944869 1.57429718875502 True False True True 0.630897293763769 -0.29193045718123717 0.30939848789406876 0.0 1.0
214 p21 R2-R3 wake 27.0 24.5 29.5 0.0 0.0 0.0 0.0 9.18624641833811 60.92072588347661 60.92072588347661 22.729729729729733 2.487804878048781 18.82634730538922 39.90566037735849 2.732006125574273 1.847389558232932 True False True True 0.6429055239888082 -0.29097281118689156 0.31104151053451495 0.0 1.0
222 p21 R3-R4 REM 29.0 25.5 31.5 0.0 0.0 0.0 0.0 2.527027027027027 17.54054054054054 43.79369627507164 17.54054054054054 2.5432372505543244 13.221556886227544 40.18867924528301 2.7228177641653906 2.072289156626506 True False True True 0.7812084527888774 -0.2550624857145478 0.34169360547776845 0.0 1.0
226 p22 L1-L2 REM 33.5 30.0 38.0 0.0 0.0 0.0 0.0 1.7459893048128343 16.593582887700535 12.713309469573709 16.593582887700535 3.623730964467005 8.118028067650233 29.15895481763745 3.405462930117063 5.471471471471472 True False True True 0.8545285524538886 -0.2490652691193426 0.3483627687560524 0.0 1.0
240 p22 R2-R3 REM 32.5 30.0 35.5 0.0 0.0 0.0 0.0 1.5508021390374331 11.048128342245988 2.164009111617312 11.048128342245988 0.6345177664974619 3.794530406621087 22.33260751224823 0.6520042568286626 0.4864864864864865 True False True True 0.8285937864214747 -0.23415722180190715 0.3543247434705753 0.0 1.0
247 p30 L1-L2 wake 23.0 19.0 26.5 0.0 0.0 0.0 0.0 5.942541436464088 50.35801104972376 50.35801104972376 39.74603174603175 8.598168870803661 32.55725190839695 84.54545454545455 8.190709046454767 10.61818181818182 True False True True 0.7975593429986906 -0.2636313098955163 0.350779472570089 0.0 1.0
253 p30 L2-L3 wake 23.0 21.0 26.0 0.0 0.0 0.0 0.0 7.089502762430939 46.39116022099447 46.39116022099447 45.26984126984127 2.933875890132248 39.46564885496184 78.0 2.7237163814180927 3.975757575757575 True False True True 0.7355488916372775 -0.27830568231834746 0.32656335019449917 0.0 1.0
258 p30 L3-L4 wake 23.5 21.0 26.0 0.0 0.0 0.0 0.0 8.265193370165745 52.5060773480663 52.5060773480663 41.31746031746031 3.9694811800610377 35.74427480916031 73.63636363636363 3.806845965770171 4.775757575757576 True False True True 0.7933542879626383 -0.2603135957647919 0.3522576832647416 0.0 1.0
263 p30 R1-R2 wake 23.5 21.0 26.0 0.0 0.0 0.0 0.0 7.686187845303867 49.6243093922652 49.6243093922652 55.73015873015873 3.890132248219735 52.30916030534351 71.45454545454544 3.860635696821516 4.036363636363636 True False True True 0.40529756347601703 -0.28666993542290287 0.31717540196893107 1.5e-05 0.999985
269 p30 R2-R3 wake 23.5 21.0 26.0 0.0 0.0 0.0 0.0 7.697237569060773 48.14585635359116 48.14585635359116 41.96825396825396 4.474059003051882 38.167938931297705 71.45454545454545 4.427872860635697 4.703030303030303 True False True True 0.7125562143677812 -0.27679536621818895 0.3383439682725045 0.0 1.0
276 p30 R3-R4 REM 22.5 19.0 25.5 0.0 0.0 0.0 0.0 4.920634920634921 39.333333333333336 51.085082872928176 39.333333333333336 6.447609359104781 36.04961832061069 58.90909090909092 6.462102689486553 6.375757575757576 True False True True 0.5440015868329198 -0.2807157012415959 0.33260365803254593 0.0 1.0
284 pthal101 L2-L3 REM 38.0 34.0 40.5 0.0 0.0 0.0 0.0 0.3837209302325581 3.0930232558139528 1.8867924528301885 3.0930232558139528 1.3937198067632848 1.6226912928759891 6.3567073170731705 1.457609268035808 1.1863247863247866 True False True True 0.7131169636412183 -0.2679146464116312 0.3299066671695774 0.0 1.0
322 pthal103 R1-R2 REM 33.5 31.0 36.5 0.0 0.0 0.0 0.0 2.34643995749203 17.579171094580232 42.66075327510917 17.579171094580232 2.4443736053554352 10.344202898550725 44.02322059565876 2.605860503508048 1.8963585434173669 True False True True 0.9597601652352548 -0.19534806792426046 0.3844132164854154 0.0 1.0
327 pthal103 R2-R3 REM 32.5 26.5 37.5 0.0 0.0 0.0 0.0 0.614240170031881 7.8299681190223165 12.684497816593888 7.8299681190223165 3.625757092763787 4.815821256038647 18.83897021706209 3.820883202641353 2.96358543417367 True False True True 0.9423274519896059 -0.2083277355450637 0.3772849748159615 0.0 1.0
331 pthal103 R3-R4 wake 34.5 31.5 37.5 0.0 0.0 0.0 0.0 3.467794759825328 28.516921397379917 28.516921397379917 11.077577045696067 1.711189034109021 6.0899758454106285 29.863705199394246 1.728435823359472 1.65266106442577 True False True True 0.9338093148696658 -0.20194686022960082 0.38288410022349467 0.0 1.0
336 pthal104 L1-L2 wake 27.5 25.0 30.0 0.0 0.0 0.0 0.0 4.654395430022215 30.536972389717555 30.536972389717555 27.78761061946903 5.229646266142616 26.98064516129032 29.569672131147545 5.3081285444234405 4.587628865979382 True False True True -0.2875092902960398 -0.29699418473551764 0.29900689964783966 0.99932 0.00068
341 pthal104 L2-L3 wake 27.5 25.0 30.5 0.0 0.0 0.0 0.0 6.875912408759124 48.23421136147255 48.23421136147255 42.814159292035406 5.712521055586749 41.52774193548388 44.87704918032787 5.790800252047889 5.072164948453607 True False True True -0.28230494720237415 -0.2991086843171769 0.3015531050867096 0.99907 0.00093
346 pthal104 L3-L4 wake 27.5 25.0 30.0 0.0 0.0 0.0 0.0 9.615360203110123 62.36115518882895 62.36115518882895 44.690265486725664 4.20550252667041 40.211612903225806 59.01639344262296 4.291115311909263 3.505154639175258 True False True True 0.5520167732606979 -0.2881523359840932 0.311091516040853 0.0 1.0
354 pthal104 R1-R2 REM 36.0 33.0 39.5 0.0 0.0 0.0 0.0 1.392330383480826 11.457227138643068 10.563630593462394 11.457227138643068 0.9331836047164516 6.015483870967743 38.29918032786885 0.95526149968494 0.7525773195876289 True False True True 0.8820946339581697 -0.2667868150715133 0.33601298714697425 0.0 1.0
359 pthal104 R2-R3 wake 38.0 35.0 40.5 0.0 0.0 0.0 0.0 4.554744525547445 36.14662012059663 36.14662012059663 14.554572271386428 0.8040426726558112 8.601290322580644 41.98770491803279 0.8317580340264651 0.5773195876288659 True False True True 0.8433926907900595 -0.2820061552670935 0.32365643683976897 0.0 1.0
370 pthal104 R3-R4 REM 36.0 33.0 39.0 0.0 0.0 0.0 0.0 0.9852507374631267 7.722713864306785 12.684861948587749 7.722713864306785 0.5300393037619315 4.095483870967742 27.233606557377044 0.5444234404536862 0.4123711340206185 True False True True 0.8586923931537843 -0.26776875902301683 0.33421185888831 0.0 1.0
377 pthal106 L3-L4 wake 36.5 33.5 40.0 0.0 0.0 0.0 0.0 3.894066717596129 34.52457346574994 34.52457346574994 16.725274725274723 1.3173461231015189 8.487446417636251 38.84210526315789 1.4707520891364905 0.367816091954023 True False True True 0.8327296037894609 -0.26410916744433033 0.32822294364463933 0.0 1.0
382 pthal106 R1-R2 wake 37.0 33.5 40.0 0.0 0.0 0.0 0.0 2.294881588999236 21.039979628214923 21.039979628214923 12.934065934065936 1.0215827338129495 6.484996938150643 30.684210526315788 1.1420612813370474 0.2758620689655172 True False True True 0.765432527175322 -0.2821716689275147 0.32469616339057733 0.0 1.0
387 pthal106 R2-R3 wake 36.0 31.0 41.0 0.0 0.0 0.0 0.0 0.40183346065699 5.908836261777439 5.908836261777439 4.263736263736264 0.6139088729016787 2.4249846907532158 10.052631578947368 0.6722376973073352 0.2528735632183908 True False True True 0.7466387330397979 -0.27498112397768815 0.3210889529692963 0.0 1.0
391 pthal106 R3-R4 wake 37.0 33.5 40.0 0.0 0.0 0.0 0.0 2.964604023427553 26.82098293863 26.82098293863 11.241758241758244 0.8185451638689049 5.95223515003062 25.05263157894737 0.9062209842154132 0.2758620689655172 True False True True 0.7000764947143227 -0.28491020891303015 0.3218973239638744 0.0 1.0
